#J phi std(phi) fn std(fn) z std(z) Fric std(Fric) mu std(mu) eta std(eta) Zfric std(Zfric) ZRatt std(ZRatt) ZRatt-slid std(ZRatt-slid)
-0.245263 0.510352 0.00153455 2.33151 0.0889695 1.09564 0.014852 0.149543 0.00765733 0.677844 0.0123121 -2.77069 0.155109 0.163917 0.0101127 2.12109 0.00470328 0.00133518 0.000266985
-0.0950882 0.671585 0.00613525 1.3738 0.243968 1.80051 0.0558179 0.0470427 0.0188389 0.55462 0.00865221 -6.00874 1.369  0.0856026 0.0389016 2.40686 0.0294637 0.00010172 0.000222387
-0.0362171 0.750123 0.0033481 0.877655 0.0532882 2.53205 0.0258931 0.00665398 0.00187875 0.427941 0.0153006 -11.8691 0.984711 0.0168706 0.00485914 2.84113 0.0181417 0 0
-0.0114351 0.790868 0.00273598 0.692717 0.026721 3.05946 0.020515 0.000915807 0.000694451 0.35861 0.0132227 -31.3884 1.06095 0.00280246 0.0021336 3.25484 0.017172 0 0
-0.00391707 0.813681 0.00256992 0.603135 0.0291496 3.35139 0.035524 6.94395e-06 1.60114e-05 0.29082 0.0136469 -74.3946 4.93741 2.30785e-05 5.31464e-05 3.51852 0.0267105 0 0
-0.00117941 0.827384 0.00216069 0.561951 0.0170991 3.58516 0.0262322 0 0 0.22286 0.0142549 -189.537 17.8557 0 0 3.73738 0.0178571 0 0
-0.000394275 0.834358 0.00279494 0.542228 0.0086227 3.71602 0.0172203 0 0 0.177358 0.00755685 -452.722 47.8755 0 0 3.86912 0.0161841 0 0
-0.000122893 0.838296 0.00145808 0.519769 0.00855712 3.79989 0.0170404 0 0 0.140982 0.0074981 -1161.26 154.863 0 0 3.94217 0.00900622 0 0
-4.50623e-05 0.840318 0.00275362 0.517583 0.015926 3.86115 0.0164352 0 0 0.122799 0.0215069 -2861.46 814.878 0 0 4.00141 0.015119 0 0
-1.25934e-05 0.842913 0.00129299 0.511392 0.00666649 3.88954 0.0164454 0 0 0.109188 0.00701771 -8788.1 1233.02 0 0 4.03613 0.011801 0 0

