#J phi std(phi) fn std(fn) z std(z) Fric std(Fric) mu std(mu) eta std(eta) Zfric std(Zfric) ZRatt std(ZRatt) ZRatt-slid std(ZRatt-slid)
-0.205214 0.441185 0.00269167 3.08978 0.104718 1.00164 0.0234714 0.651519 0.0113979 0.774054 0.0113938 -3.78119 0.201218 0.652811 0.0262833 2.0625 0.00414847 0.0524793 0.00281538
-0.0844012 0.578901 0.00246366 1.86586 0.0508011 1.42656 0.0053364 0.406009 0.00824279 0.729431 0.0109602 -8.64776 0.269101 0.579197 0.0120101 2.20469 0.00382645 0.0109781 0.000938789
-0.0327603 0.690998 0.00306761 1.17821 0.112476 2.06806 0.0296252 0.240683 0.0263632 0.596889 0.0221916 -18.4044 2.137  0.498299 0.0607505 2.53596 0.0197257 0.00228196 0.000797044
-0.0113237 0.768565 0.00444967 0.788829 0.090065 2.77149 0.0171127 0.143299 0.0256085 0.449346 0.0150246 -40.2135 5.37275 0.39727 0.0716636 3.019 0.0157208 0.000395727 0.000347698
-0.00382242 0.805245 0.00285904 0.644051 0.0653261 3.22196 0.0321061 0.0933787 0.0203114 0.345617 0.0155725 -90.8738 7.80912 0.300902 0.0656595 3.40588 0.0243058 1.27206e-05 3.33634e-05
-0.00120807 0.825294 0.00219337 0.573419 0.0130626 3.54888 0.0196849 0.0486622 0.00406343 0.233291 0.00740423 -194.833 21.1837 0.172651 0.0138754 3.71054 0.012172 0 0
-0.000395896 0.832754 0.00182846 0.540709 0.0125446 3.71452 0.0203674 0.0297858 0.00477468 0.177932 0.011289 -450.265 32.6658 0.110609 0.0175263 3.8536 0.0125019 0 0
-0.000118311 0.838762 0.00218642 0.532285 0.0071825 3.80367 0.0214634 0.0240479 0.00329741 0.142925 0.00763479 -1218.18 139.347 0.0914426 0.0123228 3.94708 0.0102811 0 0
-3.98482e-05 0.841924 0.0019566 0.522408 0.0164016 3.85148 0.0242753 0.0210472 0.00440541 0.128367 0.0169848 -3538.12 1345.85 0.0810482 0.0168771 4.00019 0.0116681 0 0
-1.27185e-05 0.841689 0.00107987 0.511999 0.00900979 3.87613 0.0178411 0.0177891 0.00208893 0.109417 0.00623112 -8692.6 1159.53 0.0689653 0.00821931 4.03 0.00780602 0 0

