#J phi std(phi) fn std(fn) z std(z) Fric std(Fric) mu std(mu) eta std(eta) Zfric std(Zfric) ZRatt std(ZRatt) ZRatt-slid std(ZRatt-slid) 
-0.205085 0.427005 0.0014282 2.87577 0.0753188 0.994632 0.011447 0.918725 0.00298145 0.773816 0.0118438 -3.77528 0.106619 0.913809 0.0123116 2.05001 0.002973 0.15432 0.00227731
-0.0765845 0.54049 0.00213663 2.02712 0.0307823 1.39574 0.0113694 0.802493 0.005627 0.792999 0.00796573 -10.3579 0.228352 1.12011 0.015387 2.14804 0.00358054 0.0918242 0.00196098
-0.0307654 0.637722 0.00331164 1.38623 0.0598487 1.8216 0.0248104 0.65276 0.0153381 0.708548 0.012041 -23.0972 1.32914 1.18936 0.042292 2.3721 0.0109923 0.0400865 0.00258983
-0.0102503 0.722643 0.00274482 0.969997 0.0908893 2.36762 0.0289485 0.505589 0.0337442 0.564686 0.0194628 -55.5251 5.36067 1.19739 0.0863417 2.71639 0.0144985 0.0185632 0.00398198
-0.00382292 0.765524 0.00445885 0.745044 0.0919227 2.73089 0.0400461 0.439925 0.0453175 0.429986 0.0200979 -114.308 17.2031 1.20177 0.128392 3.0057 0.023714 0.00999755 0.00259529
-0.00121751 0.797082 0.00204027 0.654365 0.0738421 3.03408 0.0387216 0.420411 0.050263 0.35108 0.0308704 -293.289 55.3573 1.27456 0.144371 3.24629 0.0256826 0.00560628 0.00222799
-0.000404588 0.812592 0.00316256 0.613294 0.0134866 3.18803 0.0150209 0.432399 0.0148664 0.304863 0.010189 -755.686 55.1543 1.37843 0.0456627 3.41742 0.0122993 0.00237877 0.000442983
-0.000126235 0.821747 0.00207236 0.561585 0.0224297 3.35331 0.04029 0.421031 0.0190516 0.274262 0.0190878 -2200.79 331.043 1.41138 0.0542735 3.62482 0.0324754 0.00112139 0.00095637
-4.52653e-05 0.82581 0.00278119 0.573811 0.00996443 3.42558 0.0196733 0.446098 0.0112679 0.237734 0.00937375 -5263.65 331.591 1.52802 0.0337267 3.64313 0.0170992 0.000605637 0.000114032
-1.39719e-05 0.830337 0.00197057 0.545761 0.00939598 3.49123 0.0139241  0.432307 0.0102011 0.211874 0.00716356 -15250 1371.88 1.50918 0.0309623 3.71694 0.0103946 0.000260728 0.000115862
 
