#J phi std(phi) fn std(fn) z std(z) Fric std(Fric) mu std(mu) eta std(eta) Zfric std(Zfric)
-0.201255 0.453826 0.00179182 2.70301 0.0943431 1.05718 0.0124131 0.784826 0.00483402 0.762706 0.00963365 3.79234 0.113271 0.82968 0.00858972
-0.0791625 0.560369 0.00183838 1.78637 0.111823 1.46494 0.0219045 0.801435 0.00700142 0.773698 0.0187256 9.81128 0.634013 1.17403 0.0184605
-0.0303268 0.654282 0.00215755 1.26957 0.092158 1.94538 0.028143 0.782355 0.00995951 0.689027 0.021119  22.8257 1.66726 1.52193 0.0266331
-0.0102922 0.713911 0.00246364 0.956759 0.0926217 2.39447 0.0497757 0.774143 0.0114566 0.565206 0.0249933 55.4819 6.62848 1.85379 0.0524989
-0.0036203 0.755208 0.00356609 0.794413 0.0695526 2.70474 0.0442014 0.776497 0.00686821 0.462473 0.0269723 129.02 14.766 2.10006 0.0273004
-0.00115443 0.775859 0.00317999 0.729939 0.032334 2.88226 0.0296043 0.788705 0.0101718 0.360354 0.0181455 312.61 21.7854 2.27317 0.030709
-0.000386204 0.787243 0.00515282 0.711567 0.0231652 2.98707 0.0146252 0.791221 0.00702675 0.316512 0.0225817 831.919 119.972 2.36342 0.0225879
-0.000115864 0.797228 0.00364029 0.673006 0.0226292 3.05251 0.0143875 0.797433 0.00545743 0.270604 0.0161019 2360.27 320.055 2.43415 0.0180934
-4.45037e-05 0.802041 0.00347117 0.650795 0.0203966 3.11384 0.0099799 0.770342 0.00249662 0.263977 0.0145913 5973.58 627.72 2.39872 0.0116973
-1.29516e-05 0.805453 0.00456974 0.64859 0.00893699 3.11201 0.0233173 0.789402 0.00699919 0.253 0.0173325 19935.3 3625.17 2.45657 0.0230455

