#J phi std(phi) fn std(fn) z std(z) Fric std(Fric) mu std(mu) eta std(eta) Zfric std(Zfric)
-0.227098 0.496164 0.000930009 2.3164 0.106163 1.12719 0.0121644 0.473719 0.00937129 0.732087 0.0112153 3.22737 0.124544 0.533937 0.0102784
-0.0853812 0.613331 0.00268616 1.51716 0.0557102 1.62095 0.0221024 0.47906 0.0119627 0.698669 0.0239826 8.19472 0.410595 0.776518 0.0215924
-0.0324496 0.696275 0.00273813 1.09144 0.091669 2.15052 0.045024 0.489714 0.00878642 0.596901 0.0212463 18.5606 1.96338 1.0532 0.0312543
-0.0112718 0.751182 0.00300912 0.805475 0.101367 2.66908 0.0529544 0.460999 0.0134376 0.506283 0.0212956 45.7191 7.01642 1.23101 0.0584408
-0.00383967 0.785812 0.00317346 0.707217 0.052766 3.00501 0.0302318 0.466031 0.00971183 0.395627 0.0164413 103.176 5.20152 1.40046 0.0341973
-0.00115132 0.806109 0.00207696 0.628299 0.0142657 3.23957 0.0135585 0.479827 0.00660452 0.29524 0.0134886 257.362 19.5498 1.5544 0.0199303
-0.000393159 0.81653 0.00269289 0.593115 0.0139442 3.39072 0.0165282 0.462824 0.00489372 0.242544 0.015863 622.578 83.7836 1.5693 0.0181289
-0.000126716 0.822429 0.00298691 0.582854 0.011442 3.46694 0.010763 0.453092 0.00537537 0.205383 0.0134018 1631.48 167.752 1.57082 0.0168487
-3.95929e-05 0.827698 0.00224593 0.564744 0.0108863 3.54665 0.0130167 0.458795 0.00896953 0.190883 0.0104009 4895.14 759.475 1.62712 0.0285021
-1.35648e-05 0.82982 0.00220043 0.569395 0.0103355 3.59559 0.0262971 0.447802 0.00926967 0.175677 0.0111177 13056 1343.84 1.60991 0.0227668

