#J phi std(phi) fn std(fn) z std(z) Fric std(Fric) mu std(mu) eta std(eta) Zfric std(Zfric)
-0.203475 0.442048 0.0010934 2.67709 0.104381 1.03102 0.0126471 0.87259 0.0042763 0.768262 0.0150487 3.78013 0.15803 0.899662 0.0123662
-0.0764842 0.549564 0.00224125 1.84919 0.099712 1.45765 0.0248375 0.88396 0.00710339 0.783207 0.0244354 10.2637 0.621667 1.2886 0.0295101
-0.0302217 0.638645 0.00210753 1.33487 0.0930699 1.88138 0.0530219 0.886473 0.00698517 0.719992 0.0183048 23.926 1.60033 1.6678 0.0493852
-0.0106619 0.708771 0.00305768 1.00233 0.116694 2.33781 0.0506955 0.87834 0.00761315 0.585089 0.0204765 55.6513 7.17307 2.05349 0.0521816
-0.00358094 0.742055 0.00450574 0.844604 0.0655123 2.59624 0.0346898 0.872091 0.00412626 0.468267 0.0156613 131.469 9.41081 2.26418 0.0333516
-0.00107116 0.769951 0.00241051 0.774278 0.0364758 2.79467 0.0166677 0.880104 0.00494386 0.388769 0.0174359 363.727 26.7754 2.4596 0.0202733
-0.000373724 0.78336 0.00268314 0.72995 0.0248827 2.89741 0.0278637 0.871225 0.00837754 0.319799 0.0172815 860.565 85.242 2.52411 0.0117249
-0.000126068 0.788374 0.00785595 0.714571 0.0207596 2.93324 0.0284658 0.883126 0.00626329 0.29382 0.0197791 2366.82 397.461 2.59033 0.0212036
-3.91889e-05 0.794563 0.00508079 0.698361 0.0124181 2.96588 0.0203398 0.885297 0.00498085 0.275426 0.0155084 7234.34 1614.33 2.62564 0.0155519
-1.15551e-05 0.799622 0.00790558 0.679965 0.0156828 2.96527 0.026022 0.898434 0.005897 0.273114 0.017377 24188.4 4956 2.66412 0.0313236

