#J phi std(phi) fn std(fn) z std(z) Fric std(Fric) mu std(mu) eta std(eta) Zfric std(Zfric)
-0.225213 0.485277 0.00134531 2.32965 0.0653597 1.1036 0.016318 0.540316 0.00972674 0.741807 0.0167664 3.29605 0.106422 0.596338 0.0157874
-0.0853807 0.600417 0.00202197 1.59145 0.100213 1.58592 0.0266398 0.543725 0.0151116 0.732886 0.0186193 8.62273 0.598424 0.862259 0.0262117
-0.0325909 0.686642 0.00301456 1.15593 0.0700663 2.12253 0.0448241 0.549565 0.0117362 0.64383 0.0239805 19.8654 1.43713 1.16665 0.040768
-0.0112435 0.743025 0.00142074 0.84576 0.0703807 2.60704 0.0366079 0.54116 0.00925541 0.522804 0.0265864 46.7062 2.98136 1.41078 0.028584
-0.00381588 0.778982 0.00254656 0.699566 0.0499178 2.93173 0.0378978 0.535792 0.00715739 0.398941 0.00898837 105.241 9.48848 1.57065 0.0188454
-0.00114507 0.800597 0.00263721 0.644744 0.0199809 3.17522 0.0223947 0.537245 0.00881052 0.309837 0.0173935 271.141 21.57 1.70595 0.0351232
-0.000398436 0.808412 0.0018116 0.627427 0.0107329 3.27814 0.0225261 0.535098 0.00698176 0.266216 0.00766089 671.225 54.5677 1.75401 0.0144251
-0.000127185 0.817763 0.00165741 0.587627 0.0100848 3.39478 0.0161528 0.53834 0.0100314 0.224543 0.0116861 1771.24 111.84 1.82747 0.0305871
-3.97981e-05 0.823593 0.00160196 0.588881 0.0175648 3.46358 0.0129912 0.534728 0.0065642 0.2044 0.0160053 5154.9 437.605 1.85208 0.0248475
-1.33869e-05 0.824193 0.00274851 0.578239 0.0110457 3.47659 0.0265681 0.521788 0.0105309 0.190398 0.0115953 14423.5 2070.21 1.81391 0.031767

