#J phi std(phi) fn std(fn) z std(z) Fric std(Fric) mu std(mu) eta std(eta)
0.196 0.430 0.00244 2.933 0.0772 1.013 0.0100 1 0 0.774 0.00466 3.966 0.216
0.0748 0.535 0.00205 1.995 0.0356 1.429 0.0111 1 0 0.795 0.0179 10.664 0.661
0.0295 0.625 0.00154 1.415 0.0477 1.837 0.0211 1 0 0.746 0.0144 25.429 1.992
0.00985 0.689 0.00263 1.102 0.0769 2.258 0.0304 1 0 0.623 0.0183 63.489 4.086
0.00344 0.727 0.00360 0.928 0.0741 2.477 0.0265 1 0 0.499 0.0197 145.826 12.486
0.00103 0.755 0.00395 0.858 0.104 2.678 0.0577 1 0 0.414 0.0355 410.1 74.069
0.000363 0.766 0.00213 0.772 0.0250 2.751 0.0306 1 0 0.343 0.0129 947.79 53.659
0.000121 0.776 0.00220 0.752 0.0214 2.795 0.0141 1 0 0.314 0.0219 2625.63 359.481
0.0000426 0.777 0.00197 0.737 0.0303 2.796 0.0414 1 0 0.282 0.0234 6677.38 746.213
0.0000128 0.784 0.00372 0.750 0.0204 2.830 0.0286 1 0 0.289 0.0144 22745.4 2229.5
