#J phi std(phi) fn std(fn) z std(z) Fric std(Fric) mu std(mu) eta std(eta) Zfric std(Zfric)
0.293 0.599 0.00197 1.619 0.0446 1.262 0.0154 0 0 0.522 0.0153 1.78102 0.0862817 0 0  
0.0976 0.699 0.00417 1.187 0.0615 1.950 0.0388 0 0 0.488 0.0179 5.02471 0.371358 0 0
0.0363 0.751 0.00221 0.875 0.0192 2.547 0.0155 0 0 0.432 0.00757 11.8905 0.409425 0 0
0.0114 0.791 0.00246 0.687 0.0266 3.057 0.0157 0 0 0.3549 0.00882 30.7647 1.45878 0 0
0.00392 0.8143 0.00347 0.604 0.0342 3.361 0.0240 0 0 0.283 0.0110 72.767 6.10789 0 0
0.00117 0.827 0.00263 0.564 0.0162 3.572 0.0231 0 0 0.219 0.0105 188.017 16.2537 0 0
0.000396 0.835 0.00232 0.536 0.00479 3.728 0.0192 0 0 0.173 0.00616 437.923 38.1124 0 0
0.000123 0.839 0.00206 0.527 0.00902 3.804 0.0174 0 0 0.143 0.00683 1167.67 123.564 0 0
0.0000436 0.841 0.00129 0.517 0.00879 3.844 0.0121 0 0 0.127 0.00669 2963.98 455.929 0 0
1.29832e-05 0.842606 0.00138121 0.510463 0.00534875 3.87399 0.015451 0 0 0.111982 0.00432771 8836.2 1500.12 0 0

