#J phi std(phi) fn std(fn) z std(z) Fric std(Fric) mu std(mu) eta std(eta) Zfric std(Zfric) ZRatt std(ZRatt) ZRatt-slid std(ZRatt-slid)
-0.293242 0.598626 0.00196826 1.61959 0.044642 1.26157 0.0154497 0 0 0.521718 0.015307 -1.78102 0.0862817 0 0 2.20995 0.00426681 0 0
-0.0976076 0.699508 0.0047717 1.18725 0.0614588 1.94971 0.0388308 0 0 0.488949 0.0178738 -5.02471 0.371358 0 0 2.48851 0.0166993 0 0
-0.0363488 0.751445 0.00220847 0.874671 0.0192215 2.54686 0.0154678 0 0 0.431877 0.00757404 -11.8905 0.409425 0 0 2.85378 0.00880225 0 0
-0.0113523 0.791308 0.00245729 0.687333 0.0266191 3.05685 0.0179139 0 0 0.348812 0.00882266 -30.7647 1.45878 0 0 3.25526 0.0156508 0 0
-0.00390482 0.813171 0.00347102 0.604301 0.0341811 3.3608 0.0240396 0 0 0.282953 0.0109822 -72.767 6.10789 0 0 3.52786 0.0183222 0 0
-0.00116756 0.82707 0.00262793 0.563571 0.0162313 3.5723 0.0231407 0 0 0.21878 0.0105277 -188.017 16.2537 0 0 3.73587 0.00797232 0 0
-0.000395887 0.834663 0.0023215 0.536117 0.00479002 3.72791 0.0192123 0 0 0.17262 0.0061556 -437.923 38.1124 0 0 3.86755 0.01145 0 0
-0.00012356 0.839009 0.00205718 0.527381 0.00902057 3.80469 0.0174185 0 0 0.14294 0.00682966 -1167.67 123.564 0 0 3.94908 0.015144 0 0
-4.36235e-05 0.840895 0.00128799 0.517129 0.0087868 3.84447 0.0121296 0 0 0.126977 0.0066871 -2963.98 455.929 0 0 3.99836 0.0106511 0 0
-1.29832e-05 0.842606 0.00138121 0.510463 0.00534875 3.87399 0.015451 0 0 0.111982 0.00432771 -8836.2 1500.12 0 0 4.03147 0.00732939 0 0

