#J phi std(phi) fn std(fn) z std(z) Fric std(Fric) mu std(mu) eta std(eta) Zfric std(Zfric) ZRatt std(ZRatt) ZRatt-slid std(ZRatt-slid) 
-0.195676 0.4297 0.00243773 2.93274 0.0771692 1.01318 0.0100151 1 0 0.773677 0.00466385 -3.96561 0.215786 1.01318 0.0100151 2.05401 0.00215855 0.234436 0.00410808
-0.0747868 0.534866 0.00204955 1.99482 0.0356034 1.42897 0.0111158 1 0 0.795241 0.0178582 -10.6637 0.660883 1.42897 0.0111158 2.14117 0.00459869 0.23896 0.00456316
-0.0294987 0.624901 0.00154389 1.41563 0.0476558 1.8367 0.021067 1 0 0.746451 0.0143775 -25.4295 1.99247 1.8367 0.021067 2.32489 0.0127682 0.253048 0.00448784
-0.0098542 0.689573 0.00262681 1.10247 0.0769607 2.25823 0.0303574 1 0 0.623128 0.0182714 -63.4885 4.08645 2.25823 0.0303574 2.60014 0.0213798 0.23279 0.00780931
-0.003442 0.726777 0.00359818 0.928436 0.0740689 2.47658 0.0264752 1 0 0.498644 0.0196821 -145.826 12.4856 2.47658 0.0264752 2.79808 0.022587 0.210775 0.0144507
-0.00102632 0.754584 0.00395099 0.857784 0.103656 2.67758 0.0557406 1 0 0.414114 0.0355376 -410.1 74.0693 2.67758 0.0557406 2.96265 0.0248387 0.193782 0.00963749
-0.000362505 0.766358 0.00212826 0.771758 0.0250465 2.75113 0.0306484 1 0 0.34269 0.0129406 -947.79 53.6598 2.75113 0.0306484 3.03016 0.0143379 0.162476 0.00286239
-0.000120615 0.776028 0.00220151 0.751907 0.0213669 2.79474 0.0140795 1 0 0.314141 0.0219429 -2625.63 359.481 2.79474 0.0140795 3.08321 0.0085754 0.144591 0.00464087
-4.25581e-05 0.77658 0.00197467 0.737421 0.0303254 2.79639 0.0413542 1 0 0.282067 0.0234204 -6677.38 746.213 2.79639 0.0413542 3.12575 0.0142103 0.128728 0.00406858
-1.28243e-05 0.783962 0.00371679 0.750139 0.0203971 2.83035 0.0286476 1 0 0.289682 0.0143569 -22745.4 2229.5 2.83035 0.0286476 3.14432 0.013761 0.107135 0.00362447

